1758060619167 173835.7877863968 0
1758060619174 167512.90980828396 1
1758060619179 166267.72849071815 2
1758060619185 166128.4606689598 3
1758060619191 166140.30416051092 4
1758060619197 166141.56157216438 5
1758060619203 166143.29921783606 6
1758060619210 166144.56328420842 7
1758060619216 166144.99477842555 8
1758060619222 166144.64336369035 9
1758060619228 166144.49285432295 10
1758060619234 166144.28483092936 11
1758060619240 166143.890623309 12
1758060619246 166143.43064985904 13
1758060619252 166142.78532800297 14
1758060619258 166142.19204216645 15
1758060619264 166141.83528771147 16
1758060619270 166141.65095473043 17
1758060619276 166141.43223219822 18
1758060619282 166095.4724677382 19
1758060619288 166089.55886898361 20
1758060619294 166088.26266999813 21
