1758060619300 177273.18365991378 0
1758060619308 97872.70135605086 1
1758060619314 97301.86380096327 2
1758060619320 96728.89499889467 3
1758060619326 96179.66506056958 4
1758060619332 95724.86475116397 5
1758060619339 95360.63845711229 6
1758060619345 95070.7230656837 7
1758060619352 94848.26470233218 8
1758060619358 94670.87018110704 9
1758060619364 94534.77565184871 10
1758060619371 94437.47148445442 11
1758060619377 94372.54456872019 12
1758060619383 94330.65089118651 13
1758060619389 94294.49310890365 14
1758060619396 94239.99186949115 15
1758060619402 94138.35564072219 16
1758060619408 94053.02570057593 17
1758060619415 94012.58117871746 18
1758060619421 93990.77153388625 19
1758060619427 93969.3347384146 20
1758060619433 93958.19218969061 21
