1758060619005 351108.9714463106 0
1758060619018 265385.6111643348 1
1758060619030 263569.59229168145 2
1758060619041 262857.3556678545 3
1758060619053 262319.9692210805 4
1758060619064 261866.42632332834 5
1758060619073 261503.93767494836 6
1758060619078 261215.28634989212 7
1758060619084 260993.25948075773 8
1758060619090 260815.51354479737 9
1758060619096 260679.26850617165 10
1758060619103 260581.75631538377 11
1758060619108 260516.4351920292 12
1758060619114 260474.08154104557 13
1758060619120 260437.27843690664 14
1758060619126 260382.1839116576 15
1758060619132 260280.19092843367 16
1758060619137 260194.67665530636 17
1758060619143 260154.01341091568 18
1758060619149 260086.24400162447 19
1758060619155 260058.8936073982 20
1758060619161 260046.45485968876 21
