1758057486266 173803.46830566405 0
1758057486274 167579.92771072383 1
1758057486280 166249.83739179737 2
1758057486286 166137.75427211673 3
1758057486293 166105.00465618563 4
1758057486299 166098.07644297177 5
1758057486305 166094.05357510218 6
1758057486312 166091.52552793786 7
1758057486318 166090.87944702632 8
1758057486324 166091.8792626106 9
1758057486330 166091.50537278672 10
1758057486337 166092.17282770562 11
1758057486343 166092.43617526942 12
1758057486349 166092.64331194773 13
1758057486356 166092.74277857554 14
