1758057486362 173539.3581877013 0
1758057486369 96547.89458840268 1
1758057486376 95577.7783290521 2
1758057486382 94931.45612915672 3
1758057486389 94501.86468687619 4
1758057486395 94203.70609235748 5
1758057486401 93963.58856635963 6
1758057486408 93772.1419865163 7
1758057486414 93618.54676410704 8
1758057486421 93496.89279877291 9
1758057486427 93401.49806734596 10
1758057486434 93333.83618301572 11
1758057486440 93284.41757310095 12
1758057486446 93250.0577401074 13
1758057486453 93229.98283100066 14
