1758057486151 347342.82649336534 0
1758057486165 264127.82229912654 1
1758057486178 261827.61572084948 2
1758057486190 261069.21040127345 3
1758057486196 260606.86934306182 4
1758057486202 260301.78253532923 5
1758057486208 260057.6421414618 6
1758057486215 259863.66751445417 7
1758057486221 259709.42621113337 8
1758057486228 259588.77206138353 9
1758057486235 259493.00344013268 10
1758057486241 259426.00901072135 11
1758057486248 259376.85374837037 12
1758057486254 259342.7010520551 13
1758057486260 259322.7256095762 14
