1758057928904 173824.87002117664 0
1758057928911 167524.37225777667 1
1758057928917 166269.02250679932 2
1758057928924 166127.92241177754 3
1758057928930 166093.51036644058 4
1758057928937 166088.5284923494 5
1758057928944 166088.76056670197 6
1758057928951 166089.49158290357 7
1758057928957 166090.32374712586 8
1758057928963 166091.02344530125 9
1758057928970 166091.00611926414 10
1758057928976 166090.86697901442 11
1758057928983 166090.7867601386 12
1758057928990 166090.8506362573 13
1758057928996 166090.82051641005 14
1758057929003 166090.83360216525 15
1758057929009 166090.80412193498 16
