1758057929016 176631.2644966935 0
1758057929023 97322.19375223345 1
1758057929030 95724.23387770457 2
1758057929037 95060.19183455844 3
1758057929044 94602.99488738083 4
1758057929050 94263.66445093392 5
1758057929057 94022.79378014375 6
1758057929064 93868.80139663386 7
1758057929071 93747.9889961124 8
1758057929077 93640.93068856106 9
1758057929084 93541.47520273252 10
1758057929091 93454.1862253894 11
1758057929098 93382.34415864624 12
1758057929105 93324.43221648359 13
1758057929112 93284.12220224926 14
1758057929119 93255.00598648026 15
1758057929126 93235.92285239305 16
