1758057928776 350456.13451787014 0
1758057928791 264846.56601001014 1
1758057928804 261993.25638450388 2
1758057928816 261188.114246336 3
1758057928822 260696.5052538214 4
1758057928828 260352.19294328333 5
1758057928835 260111.55434684572 6
1758057928841 259958.29297953745 7
1758057928847 259838.31274323826 8
1758057928853 259731.9541338623 9
1758057928859 259632.48132199666 10
1758057928866 259545.05320440384 11
1758057928872 259473.13091878485 12
1758057928879 259415.2828527409 13
1758057928885 259374.9427186593 14
1758057928891 259345.8395886455 15
1758057928897 259326.72697432805 16
