1758060306335 173814.33277767917 0
1758060306342 167508.49141111094 1
1758060306349 166257.82205070302 2
1758060306355 166130.59100874572 3
1758060306362 166098.8483323399 4
1758060306368 166104.14765676003 5
1758060306375 166104.5305594647 6
1758060306381 166092.78425939314 7
1758060306388 166097.14189367567 8
1758060306394 166097.6872526137 9
1758060306401 166098.1009904043 10
1758060306407 166098.39206435508 11
1758060306413 166098.6369436134 12
1758060306420 166098.93799721773 13
1758060306427 166099.12017680868 14
