1758060306433 176752.0546845921 0
1758060306441 97622.60649751281 1
1758060306447 96491.17148488731 2
1758060306454 95874.78882707584 3
1758060306461 95432.55315959748 4
1758060306467 95105.42796567852 5
1758060306474 94829.24865783403 6
1758060306481 94586.97159756339 7
1758060306487 94379.70519820058 8
1758060306494 94224.53649522261 9
1758060306501 94114.37800091822 10
1758060306507 94041.2578177892 11
1758060306514 93995.79655431886 12
1758060306521 93966.76991488542 13
1758060306527 93947.86687434497 14
