1758060306218 350566.38746227126 0
1758060306234 265131.09790862375 1
1758060306246 262748.99353559036 2
1758060306259 262005.37983582157 3
1758060306265 261531.40149193737 4
1758060306271 261209.57562243857 5
1758060306278 260933.77921729872 6
1758060306284 260679.75585695653 7
1758060306290 260476.84709187626 8
1758060306296 260322.2237478363 9
1758060306303 260212.4789913225 10
1758060306309 260139.6498821443 11
1758060306316 260094.43349793227 12
1758060306322 260065.70791210316 13
1758060306329 260046.98705115364 14
